01c0
0000
0000
0000
0000
0000
0000
0000
ff34
0000
0000
0000
0000
0000
0000
0000
ff65
0000
0000
0000
0000
0000
0000
0000
ffed
0000
0000
0000
0000
0000
0000
0000
ffc0
0000
0000
0000
0000
0000
0000
0000
fffc
0000
0000
0000
0000
0000
0000
0000
ffe5
0000
0000
0000
0000
0000
0000
0000
ffff
0000
0000
0000
0000
0000
0000
0000
0000
0000
0000
0000
0000
0000
0000
0000
0000
0000
0000
0000
0000
0000
0000
0000
001b
0000
0000
0000
0000
0000
0000
0000
fffd
0000
0000
0000
0000
0000
0000
0000
0040
0000
0000
0000
0000
0000
0000
0000
fff0
0000
0000
0000
0000
0000
0000
0000
009b
0000
0000
0000
0000
0000
0000
0000
ff37
0000
0000
0000
0000
0000
0000
0000
