01c0
0000
0000
0000
0000
0000
0000
0000
ffd7
0000
0000
0000
0000
0000
0000
0000
ffc0
0000
0000
0000
0000
0000
0000
0000
fff3
0000
0000
0000
0000
0000
0000
0000
ffc0
0000
0000
0000
0000
0000
0000
0000
fffa
0000
0000
0000
0000
0000
0000
0000
ffc0
0000
0000
0000
0000
0000
0000
0000
fffe
0000
0000
0000
0000
0000
0000
0000
ffc0
0000
0000
0000
0000
0000
0000
0000
0001
0000
0000
0000
0000
0000
0000
0000
ffc0
0000
0000
0000
0000
0000
0000
0000
0005
0000
0000
0000
0000
0000
0000
0000
ffc0
0000
0000
0000
0000
0000
0000
0000
000e
0000
0000
0000
0000
0000
0000
0000
ffc0
0000
0000
0000
0000
0000
0000
0000
002a
0000
0000
0000
0000
0000
0000
0000
